0 0 0 0 0 0 0 0 0 0 0 0 0 2 2 0 0 0 0 0 0 0 0 0 0 0 0 0 0 0
0 0 0 0 0 0 0 0 0 0 0 0 0 2 2 0 0 0 0 0 0 0 1 1 1 1 s 0 0 0
0 0 0 0 0 0 0 0 0 0 0 0 0 2 2 0 0 0 0 0 0 0 1 0 0 0 0 0 0 0
0 0 0 0 0 0 0 0 0 0 0 0 0 2 2 0 0 0 0 0 0 0 1 1 0 0 0 0 0 0
0 0 0 0 0 0 0 0 0 0 0 0 0 2 2 0 0 0 0 0 0 0 0 1 0 0 0 0 0 0
0 0 0 0 0 0 0 0 0 0 0 0 0 2 2 0 0 0 0 0 0 0 0 1 1 1 1 1 1 0
0 0 0 0 0 1 s 1 1 1 1 1 1 p p 1 1 1 1 1 0 0 0 0 0 0 0 0 1 0
0 0 0 0 0 1 0 0 0 0 0 0 0 2 2 0 0 0 0 1 0 0 0 0 0 0 0 0 1 0
0 0 0 0 0 1 0 0 0 0 0 0 0 2 2 0 0 0 0 1 0 0 0 0 0 0 0 0 1 0
0 0 0 0 0 1 0 0 0 0 0 0 0 2 2 0 0 0 0 1 0 0 0 0 0 0 1 1 1 0
0 0 0 0 0 1 0 0 0 0 0 0 0 2 2 0 0 0 0 1 0 0 0 0 0 0 1 0 0 0
0 0 0 0 0 1 0 0 0 0 0 0 0 2 2 0 0 0 0 1 0 0 0 0 0 0 1 0 0 0
0 0 0 0 0 1 0 0 0 0 0 0 0 2 2 0 0 0 0 1 s 1 1 1 1 1 1 0 0 0
0 0 0 0 0 1 0 0 0 0 0 0 0 2 2 0 0 0 0 0 1 0 0 0 0 0 0 0 0 0
0 0 0 0 0 1 0 0 0 0 0 0 0 2 2 0 0 0 0 0 1 0 0 0 0 0 0 0 0 0
0 0 0 0 0 1 0 0 0 0 0 0 0 2 2 0 0 0 0 0 1 0 0 0 0 0 0 0 0 0
0 0 1 1 1 1 0 0 0 0 0 0 0 2 2 0 0 0 0 0 1 0 0 0 0 0 0 0 0 0
0 0 1 0 0 0 0 0 0 0 0 0 0 2 2 0 0 0 0 0 1 0 0 0 0 0 0 0 0 0
0 0 1 0 0 0 0 0 0 0 0 0 0 2 2 0 0 0 0 0 1 1 1 1 1 1 1 0 0 0
0 0 1 0 0 0 0 0 0 0 0 0 0 2 2 0 0 0 0 0 0 0 0 0 0 0 1 0 0 0
2 2 p 2 2 2 2 2 2 0 0 0 0 2 2 0 0 0 0 0 0 2 2 2 2 2 p 2 2 2
2 2 p 2 2 2 2 2 2 0 0 0 0 2 2 0 0 0 0 0 0 2 2 2 2 2 p 2 2 2
0 0 1 0 0 0 0 2 2 0 0 0 0 2 2 0 0 0 0 0 0 2 2 0 0 0 1 0 0 0
0 0 1 0 0 0 0 2 2 0 0 0 0 2 2 0 0 0 0 0 0 2 2 0 0 0 1 0 0 0
0 0 1 0 0 0 0 2 2 0 0 0 0 2 2 0 0 0 0 0 0 2 2 0 0 0 1 0 0 0
0 0 1 0 0 0 0 2 2 0 0 0 0 2 2 0 0 0 0 0 0 2 2 0 0 0 s 0 0 0
0 0 1 0 0 0 0 2 2 0 0 0 0 2 2 0 0 0 0 0 0 2 2 0 0 0 0 0 0 0
0 0 s 0 0 0 0 2 2 0 0 0 0 2 2 0 0 0 0 0 0 2 2 0 0 0 0 0 0 0
0 0 0 0 0 0 0 2 2 0 0 0 0 2 2 0 0 0 0 0 0 2 2 0 0 0 0 0 0 0
0 0 1 0 0 0 0 2 2 0 0 0 0 2 2 0 0 0 0 0 0 2 2 0 0 0 0 0 0 0